0 0.486444 0.699223 0.043240 0.076102
0 0.532033 0.629795 0.038284 0.067251
0 0.541376 0.521761 0.038740 0.068872
0 0.534767 0.393336 0.037373 0.064820
0 0.542060 0.329326 0.039196 0.069682
0 0.086864 0.020406 0.041632 0.035601
0 0.064204 0.061628 0.041632 0.059959
0 0.086337 0.112218 0.043739 0.046843
0 0.114267 0.067717 0.045847 0.059022
0 0.207543 0.111749 0.042685 0.066517
0 0.243114 0.022748 0.026349 0.044032
0 0.055245 0.345963 0.041632 0.072138
0 0.105572 0.392806 0.046374 0.070264
0 0.115321 0.295842 0.023714 0.073075
0 0.142197 0.273825 0.028984 0.057148
0 0.164857 0.971604 0.035308 0.056791
0 0.160905 0.848587 0.045320 0.046843
0 0.131394 0.919788 0.047428 0.076822
0 0.081594 0.931030 0.042685 0.048717
0 0.129550 0.799870 0.031092 0.058085
0 0.034693 0.924940 0.033200 0.045906
0 0.062886 0.870134 0.043212 0.052464
0 0.083175 0.814860 0.042685 0.076822
0 0.043125 0.812986 0.030038 0.050590
0 0.109524 0.745064 0.035308 0.055274
0 0.072372 0.742722 0.038997 0.061832
0 0.400330 0.971604 0.037943 0.056791
0 0.430895 0.940867 0.033727 0.079633
0 0.460933 0.893087 0.030565 0.053401
0 0.489390 0.858424 0.027403 0.057148
0 0.527596 0.838281 0.037416 0.056211
0 0.496768 0.942272 0.025295 0.061832
0 0.529704 0.909014 0.033200 0.040285
0 0.565012 0.876224 0.023714 0.062769
0 0.560269 0.951172 0.034254 0.057148
0 0.936358 0.150160 0.054279 0.081506
0 0.980625 0.077086 0.037416 0.075885
0 0.822530 0.187635 0.042685 0.068390
0 0.780635 0.209651 0.038997 0.056211
0 0.881025 0.061159 0.025822 0.049653
0 0.849143 0.077554 0.047428 0.074948
0 0.818051 0.042422 0.038997 0.074012
0 0.196213 0.204498 0.026349 0.044032
0 0.200692 0.466193 0.033200 0.066517
0 0.240479 0.590014 0.041105 0.061832
0 0.222825 0.537082 0.045847 0.057148
0 0.326904 0.529587 0.047428 0.079633
0 0.283955 0.549729 0.039524 0.074948
0 0.342450 0.454639 0.040578 0.062769
0 0.301346 0.464476 0.047955 0.073075
0 0.261031 0.476655 0.050590 0.065580
0 0.339815 0.399208 0.034254 0.054338
0 0.291333 0.400613 0.052171 0.055274
0 0.241006 0.415603 0.053752 0.057148
0 0.324006 0.337375 0.053225 0.067454
0 0.257343 0.339718 0.035835 0.042159
0 0.227832 0.369229 0.035835 0.058085
0 0.169337 0.331910 0.043212 0.040285
0 0.297920 0.290689 0.041105 0.045906
0 0.224406 0.317389 0.043739 0.048717
0 0.189011 0.285536 0.040051 0.056211
0 0.176627 0.255088 0.033200 0.036537
0 0.420356 0.550042 0.053752 0.091812
0 0.417194 0.474156 0.048482 0.056211
0 0.404546 0.415135 0.037943 0.058085
0 0.396114 0.356581 0.044266 0.060896
0 0.376089 0.309738 0.044266 0.064643
0 0.359753 0.256494 0.043212 0.050590
0 0.441698 0.343621 0.023714 0.048717
0 0.444333 0.291157 0.027930 0.056211
0 0.425625 0.241035 0.030565 0.066517
0 0.458562 0.244314 0.031092 0.056211
0 0.480168 0.198409 0.035308 0.058085
0 0.439854 0.188572 0.026349 0.047780
0 0.459352 0.156250 0.023187 0.044969
0 0.480431 0.123928 0.031619 0.049653
0 0.494396 0.079896 0.032146 0.045906
0 0.515212 0.030711 0.029511 0.056211
0 0.550783 0.094418 0.034254 0.067454
0 0.553682 0.028940 0.027403 0.057880
0 0.567217 0.216784 0.025295 0.047336
0 0.580974 0.161164 0.040383 0.065481
0 0.604050 0.114222 0.024408 0.028402
0 0.608266 0.048741 0.032839 0.056803
0 0.581640 0.024284 0.025739 0.047336
0 0.976007 0.388771 0.045265 0.085205
0 0.827121 0.959168 0.040383 0.058381
0 0.846485 0.910354 0.049581 0.077115
0 0.711665 0.975771 0.043490 0.048458
0 0.584746 0.751942 0.034614 0.053647
0 0.612704 0.697900 0.032839 0.052858
0 0.617363 0.628474 0.022632 0.054436
0 0.646209 0.638730 0.031508 0.043391
0 0.636224 0.517366 0.029289 0.072582
0 0.617807 0.463325 0.029733 0.037080
0 0.608044 0.405733 0.033283 0.070215
0 0.648667 0.384818 0.040793 0.108888
0 0.625129 0.300410 0.032839 0.034713
0 0.619582 0.242029 0.036833 0.059959
0 0.661822 0.788907 0.037742 0.052821
0 0.671057 0.856718 0.044969 0.062814
0 0.600792 0.920959 0.048984 0.079945
0 0.663829 0.932380 0.059423 0.054248
0 0.651784 0.718241 0.044969 0.059959
0 0.626489 0.778200 0.036136 0.068524
0 0.633315 0.851721 0.046575 0.081373
0 0.593967 0.843155 0.035333 0.067097
0 0.696352 0.770348 0.040954 0.049966
0 0.718033 0.910196 0.055408 0.075774
0 0.757381 0.885983 0.042560 0.052821
0 0.790140 0.830307 0.049314 0.087083
0 0.884072 0.744184 0.033283 0.051281
0 0.859849 0.607541 0.042528 0.111975
0 0.933649 0.700488 0.051671 0.064346
0 0.824794 0.785702 0.047131 0.076870
0 0.809961 0.692904 0.035946 0.074948
0 0.739883 0.809101 0.046520 0.086443
0 0.711222 0.649512 0.038165 0.054436
0 0.680157 0.682516 0.041715 0.056803
0 0.680601 0.604543 0.040827 0.062326
0 0.728085 0.581138 0.047040 0.065481
0 0.701459 0.512896 0.045265 0.063115
0 0.677495 0.455435 0.036389 0.033924
0 0.724979 0.452674 0.038165 0.045758
0 0.764918 0.445968 0.045265 0.049703
0 0.777344 0.514211 0.030177 0.055225
0 0.742730 0.510660 0.035502 0.059170
0 0.702576 0.393634 0.043949 0.072316
0 0.722094 0.717229 0.040383 0.058381
0 0.675720 0.329864 0.040827 0.036291
0 0.675725 0.268650 0.025728 0.046691
0 0.708559 0.281616 0.038165 0.054980
0 0.730970 0.226251 0.033283 0.039447
0 0.768025 0.076354 0.045265 0.044180
0 0.410343 0.098444 0.031064 0.059959
0 0.431200 0.060970 0.026626 0.046547
0 0.340449 0.203240 0.048371 0.063903
0 0.357219 0.146832 0.057062 0.063115
0 0.378391 0.047558 0.031952 0.046547
0 0.361084 0.084243 0.028402 0.042602
0 0.330242 0.081482 0.029733 0.054436
0 0.332682 0.019945 0.043490 0.030768
0 0.298290 0.047163 0.026183 0.037869
0 0.273661 0.025468 0.027514 0.035502
0 0.263454 0.068464 0.037277 0.037869
0 0.245481 0.130790 0.016420 0.033135
0 0.280761 0.153143 0.032839 0.047336
0 0.268335 0.203635 0.045265 0.047336
0 0.234507 0.188728 0.030565 0.041222
0 0.707254 0.090539 0.031997 0.066108
0 0.751358 0.128974 0.032862 0.044585
0 0.699615 0.167409 0.031997 0.049197
0 0.742206 0.178939 0.034159 0.046122
0 0.618757 0.351513 0.027673 0.040741
0 0.650899 0.248763 0.024502 0.051503
0 0.763682 0.723949 0.032430 0.050734
0 0.807354 0.569056 0.030700 0.056115
0 0.771249 0.576743 0.031132 0.057653
0 0.914157 0.632663 0.033727 0.060815
0 0.963376 0.617674 0.061400 0.066811
0 0.945456 0.550149 0.054964 0.067668
0 0.885249 0.513745 0.039509 0.073664
0 0.926443 0.476485 0.032281 0.072807
0 0.910544 0.416954 0.038063 0.030836
0 0.835381 0.511604 0.042881 0.060815
0 0.853690 0.309457 0.019754 0.031692
0 0.791295 0.370701 0.036618 0.058246
0 0.876393 0.367143 0.035312 0.054578
0 0.895995 0.951229 0.042231 0.078408
0 0.963376 0.900559 0.044104 0.062651
0 0.838511 0.440709 0.027070 0.068637
0 0.835626 0.360632 0.031064 0.071004
0 0.873347 0.437158 0.029289 0.056803
0 0.780617 0.651051 0.033727 0.063802
0 0.749269 0.657585 0.028106 0.063034
0 0.934406 0.830158 0.036321 0.063802
0 0.981039 0.818244 0.037921 0.053809
0 0.946297 0.975615 0.047996 0.048770
0 0.880140 0.672831 0.030700 0.065340
0 0.950332 0.759182 0.063562 0.049966
0 0.743143 0.392895 0.030268 0.053809
0 0.725631 0.335242 0.031565 0.046122
0 0.662501 0.182014 0.041078 0.052272
0 0.671582 0.125899 0.038483 0.050734
0 0.676338 0.078239 0.027241 0.044585
0 0.734495 0.058253 0.028538 0.047660
0 0.688661 0.223780 0.039780 0.047660
0 0.778239 0.033270 0.029835 0.042279
0 0.895274 0.577768 0.041078 0.063802
0 0.886968 0.809817 0.048248 0.048300
0 0.799931 0.324224 0.034592 0.041510