0 0.819495 0.879022 0.049334 0.069388
0 0.863207 0.832281 0.044062 0.072531
0 0.769642 0.965703 0.057118 0.068594
0 0.974270 0.898848 0.047870 0.054156
0 0.941631 0.803752 0.043518 0.052222
0 0.980063 0.774740 0.039874 0.075432
0 0.979519 0.667394 0.040962 0.054156
0 0.770277 0.696406 0.027199 0.046420
0 0.796932 0.672713 0.028287 0.057058
0 0.827939 0.665460 0.029375 0.056090
0 0.869825 0.654822 0.043518 0.063827
0 0.804548 0.606952 0.034815 0.051255
0 0.835827 0.588577 0.017951 0.039650
0 0.868465 0.592446 0.035359 0.039650
0 0.906272 0.592929 0.031551 0.048354
0 0.937823 0.579874 0.022847 0.031914
0 0.978350 0.573104 0.036447 0.049321
0 0.658761 0.801657 0.041343 0.066728
0 0.689224 0.746533 0.032639 0.055123
0 0.715607 0.689153 0.036447 0.043518
0 0.730566 0.638382 0.034815 0.048354
0 0.737638 0.580679 0.040255 0.056090
0 0.608046 0.660787 0.043363 0.082229
0 0.646832 0.632092 0.033245 0.072807
0 0.669477 0.586695 0.023609 0.048824
0 0.575765 0.608965 0.036618 0.059102
0 0.615755 0.575131 0.033727 0.051393
0 0.530475 0.593119 0.030836 0.054819
0 0.542279 0.534588 0.032281 0.051393
0 0.557938 0.470346 0.031800 0.049680
0 0.588774 0.544438 0.037581 0.057389
0 0.636473 0.534588 0.036618 0.047967
0 0.599133 0.488334 0.036136 0.046254
0 0.683932 0.527307 0.039990 0.067668
0 0.601894 0.440042 0.028538 0.039973
0 0.637783 0.466947 0.038051 0.072258
0 0.686643 0.465025 0.035456 0.048428
0 0.740693 0.525368 0.044969 0.052272
0 0.751437 0.465054 0.044501 0.061624
0 0.787505 0.436740 0.037943 0.059959
0 0.585223 0.372649 0.027481 0.087717
0 0.618949 0.348471 0.034976 0.046023
0 0.653244 0.350318 0.030661 0.040881
0 0.626981 0.392468 0.042496 0.056361
0 0.683980 0.341503 0.022934 0.047967
0 0.697808 0.384673 0.042496 0.057560
0 0.711542 0.312242 0.024358 0.034143
0 0.732621 0.370952 0.032790 0.066621
0 0.748079 0.301000 0.029979 0.069952
0 0.853653 0.482329 0.038284 0.060769
0 0.894216 0.487596 0.037373 0.069682
0 0.524893 0.255323 0.040108 0.053477
0 0.535375 0.331487 0.037373 0.063200
0 0.598727 0.301912 0.029169 0.047805
0 0.652052 0.308394 0.026435 0.039702
0 0.701275 0.261400 0.044665 0.062390
0 0.747611 0.193057 0.044638 0.064368
0 0.760259 0.247137 0.033231 0.036152
0 0.786546 0.319587 0.032239 0.051141
0 0.796713 0.380428 0.035711 0.049378
0 0.819033 0.330021 0.032735 0.064368
0 0.276345 0.972226 0.046126 0.055548
0 0.283537 0.907418 0.041663 0.051141
0 0.237906 0.913591 0.047614 0.067013
0 0.193847 0.921086 0.048110 0.082002
0 0.330490 0.863331 0.042654 0.063486
0 0.335946 0.792204 0.043646 0.061722
0 0.346609 0.734890 0.047118 0.052905
0 0.217406 0.831441 0.045630 0.071421
0 0.304699 0.730040 0.033727 0.053787
0 0.264276 0.753554 0.032239 0.069658
0 0.106967 0.880966 0.050590 0.072303
0 0.158053 0.850987 0.052574 0.081121
0 0.186174 0.774144 0.035411 0.056694
0 0.022981 0.795290 0.037695 0.057314
0 0.068611 0.775450 0.047614 0.070540
0 0.111265 0.750761 0.037695 0.067013
0 0.153176 0.723868 0.030255 0.069658
0 0.387782 0.488001 0.035094 0.029979
0 0.405329 0.536616 0.028258 0.046184
0 0.390289 0.651672 0.030992 0.065631
0 0.397809 0.593334 0.038740 0.038082
0 0.356562 0.660180 0.040108 0.068061
0 0.314860 0.675980 0.035094 0.051046
0 0.277031 0.687728 0.037829 0.038892
0 0.232138 0.761596 0.029169 0.057528
0 0.213451 0.714197 0.037373 0.051856
0 0.182915 0.034664 0.041019 0.058338
0 0.167191 0.097458 0.024156 0.057528
0 0.334913 0.446273 0.029625 0.058338
0 0.305972 0.447083 0.034638 0.056718
0 0.297312 0.397927 0.040108 0.053477
0 0.328533 0.330676 0.031448 0.055097
0 0.265181 0.404139 0.023244 0.064820
0 0.231910 0.412647 0.040563 0.075354
0 0.200082 0.410621 0.024611 0.064820
0 0.177294 0.419939 0.034638 0.060769
0 0.194434 0.689614 0.038916 0.063034
0 0.373157 0.547788 0.032862 0.049966
0 0.350024 0.506663 0.023782 0.029211
0 0.340295 0.555091 0.024214 0.046122
0 0.311108 0.559319 0.035024 0.039204
0 0.295974 0.620815 0.041942 0.039204
0 0.273706 0.576999 0.036321 0.040741
0 0.236681 0.598407 0.034270 0.052809
0 0.205820 0.579433 0.031997 0.059959
0 0.282044 0.339454 0.037829 0.038082
0 0.246722 0.349987 0.028258 0.044564
0 0.217781 0.351608 0.031448 0.042943
0 0.189068 0.356875 0.027802 0.040513
0 0.158303 0.365652 0.031904 0.041323
0 0.124804 0.357955 0.036006 0.045374
0 0.267004 0.308935 0.031448 0.033220
0 0.306200 0.306909 0.027802 0.042133
0 0.336281 0.269232 0.027802 0.059149
0 0.361348 0.235607 0.031448 0.055097
0 0.384592 0.196309 0.027802 0.052666
0 0.405557 0.173217 0.025979 0.046995
0 0.953466 0.406975 0.039196 0.064010
0 0.979217 0.264776 0.036917 0.038892
0 0.979901 0.215350 0.027346 0.050236
0 0.942115 0.210125 0.037286 0.057446
0 0.985598 0.142427 0.028713 0.053477
0 0.952555 0.147694 0.030992 0.052666
0 0.981974 0.084089 0.036051 0.046995
0 0.918600 0.119335 0.036006 0.067251
0 0.875074 0.096243 0.032815 0.035651
0 0.881227 0.047628 0.030536 0.045374
0 0.850918 0.042766 0.027346 0.042133
0 0.817192 0.030207 0.035550 0.049425
0 0.788174 0.044387 0.019142 0.045374
0 0.761968 0.060592 0.035094 0.071302
0 0.732115 0.047223 0.031904 0.042943
0 0.661126 0.153564 0.029391 0.065955
0 0.627640 0.160845 0.032763 0.061672
0 0.663053 0.095747 0.032281 0.049680
0 0.631254 0.100029 0.028427 0.051393
0 0.785013 0.188676 0.028970 0.058421
0 0.813984 0.193673 0.032430 0.036129
0 0.867817 0.146782 0.031132 0.040741
0 0.835820 0.141786 0.029403 0.036898
0 0.801660 0.155238 0.031997 0.037666
0 0.874087 0.390085 0.039052 0.067848
0 0.817062 0.424667 0.027958 0.065481
0 0.209609 0.311718 0.033727 0.039447
0 0.177657 0.309746 0.030177 0.040235
0 0.146593 0.317635 0.030177 0.041813
0 0.914968 0.421330 0.030150 0.063593
0 0.908069 0.303835 0.034749 0.041789
0 0.892994 0.342899 0.028106 0.039973
0 0.908580 0.189217 0.025551 0.051783
0 0.882007 0.204660 0.041903 0.042698
0 0.838316 0.186945 0.035260 0.034522
0 0.857990 0.234791 0.028617 0.038156
0 0.843937 0.287482 0.032194 0.030888
0 0.825285 0.247056 0.034749 0.040881
0 0.239835 0.553209 0.027595 0.042698
0 0.275010 0.543670 0.025040 0.049057
0 0.237706 0.512328 0.035260 0.044515
0 0.205001 0.537311 0.032194 0.045423
0 0.329262 0.391350 0.024529 0.032705
0 0.335650 0.211625 0.030150 0.053600
0 0.299368 0.194516 0.035260 0.053902
0 0.347403 0.166202 0.034238 0.066318
0 0.373720 0.134406 0.025551 0.039064
0 0.403785 0.108363 0.031172 0.049966
0 0.423970 0.077021 0.040881 0.047240
0 0.328882 0.088302 0.026494 0.039214
0 0.284208 0.131832 0.042414 0.045423
0 0.303882 0.100944 0.029639 0.038156
0 0.257976 0.269616 0.025040 0.043606
0 0.228593 0.273250 0.031683 0.043606
0 0.274839 0.238274 0.018907 0.062684
0 0.244434 0.224192 0.037815 0.043606
0 0.196910 0.270524 0.033727 0.039973
0 0.164972 0.273704 0.031172 0.040881
0 0.135078 0.283243 0.030661 0.045423
0 0.214284 0.222830 0.027595 0.048149
0 0.237791 0.182857 0.030661 0.046332
0 0.206619 0.178315 0.029639 0.039064
0 0.183368 0.229643 0.031172 0.043606
0 0.157818 0.232369 0.026062 0.041789
0 0.146064 0.203298 0.026062 0.045423
0 0.178514 0.179223 0.027595 0.048149
0 0.153985 0.155603 0.035771 0.046332
0 0.209174 0.105638 0.027595 0.062684
0 0.262064 0.057489 0.039348 0.039064
0 0.233192 0.103821 0.024529 0.073586
0 0.258998 0.102761 0.031172 0.056325
0 0.109080 0.285302 0.033727 0.048615
0 0.097914 0.356605 0.036006 0.035651
0 0.093356 0.323789 0.042386 0.033220
0 0.065562 0.364822 0.030521 0.038661
0 0.579495 0.282265 0.027070 0.061537
0 0.627866 0.309088 0.027070 0.047336
0 0.130174 0.243870 0.032839 0.033135
0 0.098666 0.241109 0.033727 0.035502
0 0.080915 0.288050 0.035502 0.039447
0 0.120411 0.201662 0.025739 0.041813
0 0.071152 0.254521 0.030177 0.044969
0 0.701680 0.052686 0.023520 0.047336
0 0.124183 0.144202 0.032395 0.053647
0 0.103991 0.066098 0.033727 0.047336
0 0.264354 0.640230 0.031800 0.058246
0 0.229182 0.653506 0.036618 0.052250
0 0.301052 0.794266 0.028427 0.055676
0 0.290934 0.847801 0.039990 0.056533
0 0.330362 0.608823 0.041436 0.054819
0 0.922990 0.484479 0.023127 0.057389
0 0.942263 0.460924 0.026981 0.044541
0 0.842046 0.412101 0.029872 0.059959
0 0.906850 0.034503 0.022645 0.057389
0 0.437005 0.052084 0.026890 0.054287
0 0.459566 0.026966 0.027346 0.047805
0 0.332559 0.033448 0.021877 0.041323
0 0.352612 0.067074 0.027346 0.048615
0 0.091019 0.212122 0.028970 0.043816
0 0.077543 0.169459 0.025944 0.050734
0 0.050518 0.294885 0.024647 0.037666
0 0.098298 0.129999 0.024214 0.066108
0 0.037762 0.236977 0.027673 0.057653