0 0.764106 0.960823 0.056332 0.066763
0 0.823295 0.863581 0.047351 0.084180
0 0.862074 0.832376 0.049800 0.082729
0 0.982266 0.764162 0.035468 0.082729
0 0.937591 0.788109 0.040820 0.069666
0 0.971064 0.880272 0.052250 0.076923
0 0.659607 0.797543 0.043269 0.076923
0 0.683691 0.735860 0.029390 0.052250
0 0.711448 0.687964 0.031023 0.058055
0 0.725327 0.627732 0.031023 0.044993
0 0.786965 0.654582 0.022043 0.046444
0 0.766963 0.677079 0.021226 0.053701
0 0.824520 0.647326 0.030207 0.058055
0 0.864523 0.638617 0.035105 0.055152
0 0.981858 0.657485 0.036284 0.066763
0 0.973513 0.563146 0.037554 0.066763
0 0.929835 0.581288 0.030207 0.053701
0 0.899629 0.584191 0.033472 0.047896
0 0.867381 0.582014 0.032656 0.043541
0 0.835949 0.579836 0.030207 0.056604
0 0.796354 0.595802 0.045718 0.050798
0 0.602867 0.654582 0.050617 0.081277
0 0.642462 0.616121 0.043269 0.074020
0 0.680833 0.525410 0.048168 0.069666
0 0.729409 0.566048 0.048984 0.060958
0 0.570619 0.608138 0.038371 0.063861
0 0.610623 0.579111 0.033472 0.052250
0 0.526125 0.579836 0.037554 0.065312