0.000000000000000000e+00 8.198429999999999884e-01 8.605460000000000331e-01 7.317099999999999993e-02 1.027799999999999964e-01
0.000000000000000000e+00 8.582349999999999701e-01 8.276240000000000263e-01 4.336000000000000271e-02 8.832700000000000273e-02
0.000000000000000000e+00 9.390840000000000298e-01 7.914900000000000269e-01 3.522999999999999743e-02 6.102599999999999691e-02
0.000000000000000000e+00 9.774760000000000115e-01 7.730219999999999869e-01 3.794000000000000150e-02 9.475100000000000189e-02
0.000000000000000000e+00 9.783500000000000529e-01 6.646210000000000173e-01 4.329999999999999821e-02 7.066100000000000159e-02
0.000000000000000000e+00 9.788010000000000321e-01 5.690669999999999895e-01 4.239699999999999719e-02 5.942000000000000060e-02
0.000000000000000000e+00 9.720259999999999456e-01 8.725899999999999768e-01 5.594799999999999773e-02 6.584399999999999975e-02
0.000000000000000000e+00 9.481169999999999876e-01 9.504780000000000451e-01 2.980999999999999969e-02 8.350899999999999990e-02
0.000000000000000000e+00 7.674490000000000478e-01 9.593110000000000248e-01 5.871699999999999836e-02 7.547900000000000442e-02
0.000000000000000000e+00 9.345670000000000366e-01 5.754909999999999748e-01 3.703700000000000048e-02 4.978400000000000186e-02
0.000000000000000000e+00 9.029500000000000304e-01 5.843239999999999545e-01 4.245700000000000168e-02 6.744999999999999607e-02
0.000000000000000000e+00 8.672680000000000389e-01 6.525760000000000449e-01 4.336000000000000271e-02 5.942000000000000060e-02
0.000000000000000000e+00 8.713330000000000242e-01 5.891420000000000545e-01 3.884399999999999659e-02 5.460199999999999776e-02
0.000000000000000000e+00 8.315860000000000474e-01 5.803089999999999637e-01 2.619700000000000153e-02 5.620800000000000102e-02
0.000000000000000000e+00 8.293279999999999541e-01 6.533790000000000431e-01 5.058700000000000002e-02 6.744999999999999607e-02
0.000000000000000000e+00 7.999690000000000412e-01 5.955650000000000110e-01 3.703700000000000048e-02 5.460199999999999776e-02
0.000000000000000000e+00 7.913879999999999804e-01 6.590000000000000302e-01 4.155400000000000066e-02 4.978400000000000186e-02
0.000000000000000000e+00 6.608549999999999702e-01 7.971110000000000140e-01 4.968399999999999900e-02 9.153899999999999537e-02
0.000000000000000000e+00 6.956329999999999458e-01 7.465239999999999654e-01 4.697400000000000186e-02 7.066100000000000159e-02
0.000000000000000000e+00 7.078280000000000127e-01 6.806799999999999518e-01 3.884399999999999659e-02 5.781399999999999734e-02
0.000000000000000000e+00 7.671430000000000193e-01 6.880540000000000544e-01 2.649800000000000072e-02 4.282500000000000195e-02
0.000000000000000000e+00 7.286010000000000542e-01 6.371989999999999599e-01 4.215599999999999903e-02 5.246100000000000069e-02
0.000000000000000000e+00 7.340210000000000345e-01 5.767090000000000272e-01 3.854300000000000087e-02 5.995500000000000135e-02
0.000000000000000000e+00 6.825299999999999701e-01 5.146119999999999584e-01 4.757600000000000023e-02 5.995500000000000135e-02
0.000000000000000000e+00 6.397720000000000073e-01 4.632220000000000226e-01 3.914499999999999924e-02 7.494399999999999673e-02
0.000000000000000000e+00 6.864449999999999719e-01 4.519810000000000216e-01 4.095200000000000229e-02 5.246100000000000069e-02
0.000000000000000000e+00 5.946050000000000502e-01 4.889169999999999905e-01 3.071400000000000172e-02 5.138999999999999818e-02
0.000000000000000000e+00 6.009280000000000177e-01 4.262859999999999983e-01 3.733800000000000313e-02 5.460199999999999776e-02
0.000000000000000000e+00 6.331480000000000441e-01 5.253189999999999804e-01 3.553100000000000008e-02 6.423800000000000343e-02
0.000000000000000000e+00 6.048430000000000195e-01 6.575410000000000421e-01 3.914499999999999924e-02 7.815600000000000325e-02
0.000000000000000000e+00 6.515159999999999840e-01 6.286340000000000261e-01 3.252000000000000030e-02 8.458000000000000240e-02
0.000000000000000000e+00 6.135749999999999815e-01 5.809910000000000352e-01 4.095200000000000229e-02 5.567300000000000026e-02
0.000000000000000000e+00 5.879809999999999759e-01 5.387020000000000142e-01 4.034900000000000292e-02 4.175399999999999945e-02
0.000000000000000000e+00 5.732260000000000133e-01 6.093629999999999880e-01 4.095200000000000229e-02 6.530800000000000494e-02
0.000000000000000000e+00 5.313710000000000377e-01 5.900919999999999499e-01 3.071400000000000172e-02 7.173200000000000409e-02
0.000000000000000000e+00 5.419100000000000028e-01 5.322780000000000289e-01 3.974699999999999761e-02 5.674300000000000177e-02
0.000000000000000000e+00 5.500399999999999734e-01 4.653639999999999999e-01 4.034900000000000292e-02 6.209599999999999842e-02
0.000000000000000000e+00 7.370320000000000205e-01 5.156830000000000025e-01 4.215599999999999903e-02 5.567300000000000026e-02
0.000000000000000000e+00 7.514859999999999873e-01 4.621520000000000072e-01 3.854300000000000087e-02 5.138999999999999818e-02
0.000000000000000000e+00 7.809949999999999948e-01 4.327090000000000103e-01 3.854300000000000087e-02 7.815600000000000325e-02
0.000000000000000000e+00 2.736169999999999991e-01 9.722169999999999979e-01 4.396300000000000208e-02 5.556500000000000328e-02
0.000000000000000000e+00 2.808439999999999825e-01 9.048209999999999864e-01 4.034900000000000292e-02 7.066100000000000159e-02
0.000000000000000000e+00 3.233010000000000050e-01 8.630670000000000286e-01 3.974699999999999761e-02 7.494399999999999673e-02
0.000000000000000000e+00 3.329369999999999830e-01 7.800930000000000364e-01 5.299600000000000144e-02 5.888499999999999984e-02
0.000000000000000000e+00 2.826509999999999856e-01 8.432600000000000096e-01 3.914499999999999924e-02 5.888499999999999984e-02
0.000000000000000000e+00 2.904800000000000160e-01 7.843759999999999621e-01 3.071400000000000172e-02 5.888499999999999984e-02
0.000000000000000000e+00 3.449809999999999821e-01 7.308440000000000492e-01 4.336000000000000271e-02 5.031999999999999668e-02
0.000000000000000000e+00 2.986099999999999866e-01 7.303089999999999860e-01 4.336000000000000271e-02 4.496599999999999903e-02
0.000000000000000000e+00 2.368810000000000082e-01 9.074980000000000269e-01 4.275799999999999740e-02 8.029699999999999338e-02
0.000000000000000000e+00 1.905100000000000127e-01 9.219509999999999650e-01 4.034900000000000292e-02 9.421499999999999320e-02
0.000000000000000000e+00 3.925569999999999893e-01 6.500120000000000342e-01 4.576899999999999719e-02 8.350899999999999990e-02
0.000000000000000000e+00 3.522080000000000211e-01 6.510829999999999673e-01 4.095200000000000229e-02 5.138999999999999818e-02
0.000000000000000000e+00 3.172789999999999777e-01 6.751719999999999944e-01 3.854300000000000087e-02 5.031999999999999668e-02
0.000000000000000000e+00 2.145990000000000120e-01 8.282709999999999795e-01 4.637199999999999656e-02 7.173200000000000409e-02
0.000000000000000000e+00 2.582610000000000183e-01 7.570750000000000535e-01 3.613399999999999945e-02 8.993299999999999905e-02
0.000000000000000000e+00 2.751230000000000064e-01 6.880190000000000472e-01 4.095200000000000229e-02 5.246100000000000069e-02
0.000000000000000000e+00 3.943639999999999923e-01 5.916630000000000500e-01 4.938300000000000328e-02 5.888499999999999984e-02
0.000000000000000000e+00 2.296549999999999980e-01 7.608219999999999983e-01 3.312299999999999967e-02 4.603700000000000153e-02
0.000000000000000000e+00 1.808740000000000070e-01 7.742050000000000320e-01 4.155400000000000066e-02 6.637899999999999356e-02
0.000000000000000000e+00 2.091790000000000038e-01 7.196029999999999927e-01 4.034900000000000292e-02 5.353100000000000219e-02
0.000000000000000000e+00 4.049030000000000129e-01 5.365250000000000297e-01 4.034900000000000292e-02 5.138999999999999818e-02
0.000000000000000000e+00 3.871370000000000089e-01 4.888819999999999832e-01 4.576899999999999719e-02 5.246100000000000069e-02
0.000000000000000000e+00 3.657580000000000275e-01 5.450899999999999634e-01 3.312299999999999967e-02 5.995500000000000135e-02
0.000000000000000000e+00 3.365500000000000158e-01 5.477670000000000039e-01 3.492900000000000171e-02 3.747199999999999837e-02
0.000000000000000000e+00 3.275170000000000026e-01 6.087930000000000286e-01 3.733800000000000313e-02 4.817799999999999860e-02
0.000000000000000000e+00 2.868660000000000099e-01 6.280639999999999556e-01 4.757600000000000023e-02 5.246100000000000069e-02
0.000000000000000000e+00 2.576579999999999981e-01 6.328819999999999446e-01 2.529400000000000051e-02 3.854300000000000087e-02
0.000000000000000000e+00 2.308590000000000086e-01 6.526880000000000459e-01 4.396300000000000208e-02 7.387299999999999423e-02
0.000000000000000000e+00 1.847890000000000088e-01 6.858779999999999877e-01 4.095200000000000229e-02 4.817799999999999860e-02
0.000000000000000000e+00 3.082460000000000200e-01 5.638260000000000494e-01 3.854300000000000087e-02 4.603700000000000153e-02
0.000000000000000000e+00 2.724130000000000162e-01 5.836329999999999574e-01 3.673599999999999782e-02 4.924900000000000111e-02
0.000000000000000000e+00 2.362789999999999890e-01 5.841680000000000206e-01 4.034900000000000292e-02 4.817799999999999860e-02
0.000000000000000000e+00 2.775320000000000009e-01 5.424139999999999517e-01 3.733800000000000313e-02 5.246100000000000069e-02
0.000000000000000000e+00 2.386880000000000113e-01 5.488380000000000480e-01 4.034900000000000292e-02 3.533100000000000129e-02
0.000000000000000000e+00 2.341709999999999903e-01 5.060120000000000173e-01 4.095200000000000229e-02 4.175399999999999945e-02
0.000000000000000000e+00 2.040599999999999914e-01 5.600789999999999935e-01 3.131599999999999662e-02 7.922600000000000475e-02
0.000000000000000000e+00 3.347260000000000235e-01 4.463710000000000178e-01 3.248499999999999999e-02 6.253899999999999737e-02
0.000000000000000000e+00 2.992119999999999780e-01 4.423099999999999810e-01 3.011099999999999888e-02 7.066100000000000159e-02
0.000000000000000000e+00 3.290219999999999811e-01 3.919909999999999783e-01 2.830500000000000030e-02 4.068399999999999794e-02
0.000000000000000000e+00 2.901790000000000203e-01 3.866370000000000084e-01 3.252000000000000030e-02 5.995500000000000135e-02
0.000000000000000000e+00 3.112570000000000059e-01 3.507709999999999995e-01 2.649800000000000072e-02 4.389599999999999752e-02
0.000000000000000000e+00 3.275170000000000026e-01 3.213289999999999758e-01 3.372499999999999803e-02 6.851999999999999758e-02
0.000000000000000000e+00 2.974049999999999749e-01 3.143699999999999828e-01 3.974699999999999761e-02 5.031999999999999668e-02
0.000000000000000000e+00 2.603679999999999883e-01 4.002550000000000274e-01 3.794000000000000150e-02 5.781399999999999734e-02
0.000000000000000000e+00 2.260409999999999919e-01 4.061440000000000050e-01 2.950900000000000051e-02 6.744999999999999607e-02
0.000000000000000000e+00 1.917139999999999955e-01 4.082850000000000090e-01 3.673599999999999782e-02 7.173200000000000409e-02
0.000000000000000000e+00 1.612919999999999909e-01 4.213910000000000156e-01 3.320000000000000034e-02 6.289300000000000446e-02
0.000000000000000000e+00 2.783089999999999731e-01 3.507569999999999855e-01 3.646599999999999842e-02 3.193000000000000005e-02
0.000000000000000000e+00 2.459250000000000047e-01 3.522080000000000211e-01 2.394800000000000054e-02 4.063900000000000151e-02
0.000000000000000000e+00 6.587520000000000042e-01 4.131659999999999777e-01 2.993499999999999980e-02 5.418499999999999706e-02
0.000000000000000000e+00 6.963059999999999805e-01 3.884929999999999772e-01 2.993499999999999980e-02 6.289300000000000446e-02
0.000000000000000000e+00 6.255519999999999969e-01 3.952660000000000062e-01 2.775800000000000142e-02 5.708799999999999986e-02
0.000000000000000000e+00 6.492269999999999985e-01 3.555949999999999944e-01 2.503599999999999923e-02 5.128200000000000119e-02
0.000000000000000000e+00 6.788899999999999935e-01 3.410810000000000231e-01 2.558099999999999957e-02 5.902299999999999908e-02
0.000000000000000000e+00 7.180769999999999653e-01 3.584979999999999833e-01 3.102299999999999849e-02 5.902299999999999908e-02
0.000000000000000000e+00 7.450179999999999580e-01 3.473700000000000121e-01 3.483300000000000285e-02 7.160099999999999798e-02
0.000000000000000000e+00 5.811939999999999884e-01 3.541440000000000143e-01 3.592200000000000254e-02 6.579599999999999338e-02
0.000000000000000000e+00 6.203809999999999603e-01 3.546270000000000255e-01 3.265599999999999753e-02 5.902299999999999908e-02
0.000000000000000000e+00 8.487010000000000387e-01 4.823490000000000277e-01 3.320000000000000034e-02 6.289300000000000446e-02
0.000000000000000000e+00 1.433309999999999862e-01 3.662380000000000080e-01 2.775800000000000142e-02 3.967099999999999793e-02
0.000000000000000000e+00 1.808849999999999902e-01 3.589809999999999945e-01 2.993499999999999980e-02 3.870300000000000129e-02
0.000000000000000000e+00 2.124530000000000030e-01 3.512410000000000254e-01 2.666900000000000173e-02 4.257400000000000073e-02
0.000000000000000000e+00 2.568110000000000115e-01 3.086670000000000247e-01 3.047899999999999915e-02 3.870300000000000129e-02
0.000000000000000000e+00 1.980300000000000116e-01 3.154399999999999982e-01 3.156699999999999784e-02 3.289799999999999669e-02
0.000000000000000000e+00 1.710889999999999911e-01 3.168909999999999783e-01 2.884600000000000011e-02 4.741200000000000275e-02
0.000000000000000000e+00 1.400649999999999951e-01 3.188270000000000270e-01 2.993499999999999980e-02 4.741200000000000275e-02
0.000000000000000000e+00 1.131240000000000023e-01 3.536599999999999744e-01 3.156699999999999784e-02 4.741200000000000275e-02
0.000000000000000000e+00 3.327359999999999762e-01 2.573849999999999749e-01 3.102299999999999849e-02 5.031399999999999761e-02
0.000000000000000000e+00 3.550510000000000055e-01 2.293250000000000011e-01 2.666900000000000173e-02 5.999000000000000166e-02
0.000000000000000000e+00 3.798150000000000137e-01 1.983620000000000105e-01 2.721300000000000108e-02 6.579599999999999338e-02
0.000000000000000000e+00 4.070280000000000009e-01 1.780430000000000068e-01 3.374499999999999722e-02 6.579599999999999338e-02
0.000000000000000000e+00 5.300329999999999764e-01 3.226970000000000116e-01 4.136399999999999799e-02 5.902299999999999908e-02
0.000000000000000000e+00 5.199639999999999818e-01 2.467409999999999881e-01 2.993499999999999980e-02 6.579599999999999338e-02
0.000000000000000000e+00 5.722129999999999717e-01 2.752850000000000019e-01 2.340300000000000019e-02 5.902299999999999908e-02
0.000000000000000000e+00 5.934399999999999675e-01 2.912500000000000089e-01 2.558099999999999957e-02 4.257400000000000073e-02
0.000000000000000000e+00 6.530369999999999786e-01 3.052799999999999958e-01 2.830200000000000077e-02 3.386600000000000027e-02
0.000000000000000000e+00 6.209249999999999492e-01 3.072159999999999891e-01 2.612499999999999892e-02 4.547699999999999659e-02
0.000000000000000000e+00 6.957619999999999916e-01 2.481929999999999970e-01 3.755399999999999711e-02 6.289300000000000446e-02
0.000000000000000000e+00 7.093690000000000273e-01 3.149560000000000137e-01 2.775800000000000142e-02 4.354100000000000331e-02
0.000000000000000000e+00 7.442020000000000302e-01 2.897989999999999733e-01 3.211200000000000165e-02 4.741200000000000275e-02
0.000000000000000000e+00 7.833890000000000020e-01 3.159239999999999826e-01 2.993499999999999980e-02 3.967099999999999793e-02
0.000000000000000000e+00 7.910089999999999621e-01 3.662380000000000080e-01 3.646599999999999842e-02 4.160599999999999715e-02
0.000000000000000000e+00 8.141399999999999748e-01 4.223580000000000112e-01 2.394800000000000054e-02 5.515199999999999964e-02
0.000000000000000000e+00 8.427139999999999631e-01 4.097799999999999776e-01 3.320000000000000034e-02 4.741200000000000275e-02
0.000000000000000000e+00 8.190389999999999615e-01 3.318889999999999896e-01 3.592200000000000254e-02 5.999000000000000166e-02
0.000000000000000000e+00 7.539989999999999748e-01 2.394850000000000034e-01 2.993499999999999980e-02 4.160599999999999715e-02
0.000000000000000000e+00 7.711430000000000229e-01 2.767370000000000108e-01 3.156699999999999784e-02 4.257400000000000073e-02
0.000000000000000000e+00 2.241549999999999931e-01 2.762530000000000263e-01 3.483300000000000285e-02 4.934700000000000197e-02
0.000000000000000000e+00 2.549060000000000215e-01 2.723820000000000130e-01 3.537699999999999873e-02 5.902299999999999908e-02
0.000000000000000000e+00 1.928590000000000027e-01 2.723820000000000130e-01 3.102299999999999849e-02 4.354100000000000331e-02
0.000000000000000000e+00 1.640129999999999921e-01 2.728659999999999974e-01 3.537699999999999873e-02 4.450899999999999995e-02
0.000000000000000000e+00 1.357109999999999983e-01 2.815750000000000197e-01 2.666900000000000173e-02 4.644399999999999917e-02
0.000000000000000000e+00 1.053950000000000026e-01 2.931860000000000022e-01 3.069799999999999959e-02 4.063900000000000151e-02
0.000000000000000000e+00 3.283820000000000072e-01 2.027160000000000073e-01 3.428900000000000003e-02 4.741200000000000275e-02
0.000000000000000000e+00 2.940929999999999933e-01 1.935240000000000016e-01 3.537699999999999873e-02 5.612000000000000322e-02
0.000000000000000000e+00 2.723220000000000085e-01 2.269059999999999966e-01 2.884600000000000011e-02 7.063400000000000234e-02
0.000000000000000000e+00 2.396659999999999902e-01 2.278739999999999932e-01 4.408600000000000019e-02 5.708799999999999986e-02
0.000000000000000000e+00 2.080990000000000062e-01 2.249710000000000043e-01 2.884600000000000011e-02 4.741200000000000275e-02
0.000000000000000000e+00 1.974859999999999949e-01 1.770750000000000102e-01 2.721300000000000108e-02 3.870300000000000129e-02
0.000000000000000000e+00 2.323189999999999977e-01 1.799779999999999991e-01 3.592200000000000254e-02 4.644399999999999917e-02
0.000000000000000000e+00 1.797970000000000124e-01 2.288409999999999889e-01 3.537699999999999873e-02 4.354100000000000331e-02
0.000000000000000000e+00 1.512229999999999963e-01 2.356139999999999901e-01 2.830200000000000077e-02 3.386600000000000027e-02
0.000000000000000000e+00 1.226489999999999941e-01 2.409360000000000113e-01 2.884600000000000011e-02 3.870300000000000129e-02
0.000000000000000000e+00 1.713610000000000133e-01 1.707859999999999934e-01 3.265599999999999753e-02 5.128200000000000119e-02
0.000000000000000000e+00 1.408820000000000072e-01 1.988459999999999950e-01 3.156699999999999784e-02 5.128200000000000119e-02
0.000000000000000000e+00 1.114910000000000068e-01 2.022329999999999961e-01 2.830200000000000077e-02 4.063900000000000151e-02
0.000000000000000000e+00 3.413349999999999995e-01 1.630449999999999955e-01 3.450799999999999701e-02 5.128200000000000119e-02
0.000000000000000000e+00 3.700180000000000136e-01 1.388560000000000072e-01 3.592200000000000254e-02 4.934700000000000197e-02
0.000000000000000000e+00 4.024019999999999819e-01 1.088599999999999984e-01 4.517399999999999888e-02 5.708799999999999986e-02
0.000000000000000000e+00 4.173689999999999900e-01 7.741399999999999670e-02 3.156699999999999784e-02 6.192500000000000088e-02
0.000000000000000000e+00 4.331530000000000102e-01 4.645099999999999923e-02 3.156699999999999784e-02 5.805500000000000244e-02
0.000000000000000000e+00 2.783630000000000271e-01 1.330500000000000016e-01 2.830200000000000077e-02 5.128200000000000119e-02
0.000000000000000000e+00 1.522560000000000024e-01 8.458350000000000035e-01 5.149600000000000011e-02 8.038399999999999712e-02
0.000000000000000000e+00 1.042140000000000011e-01 8.709550000000000347e-01 5.337999999999999690e-02 7.926800000000000512e-02
0.000000000000000000e+00 1.472320000000000018e-01 7.079539999999999722e-01 4.019199999999999856e-02 6.586999999999999800e-02
0.000000000000000000e+00 1.051559999999999995e-01 7.509379999999999944e-01 4.647199999999999942e-02 7.145200000000000162e-02
0.000000000000000000e+00 6.873200000000000143e-02 7.743830000000000435e-01 4.019199999999999856e-02 7.145200000000000162e-02
0.000000000000000000e+00 5.271800000000000097e-02 8.486270000000000202e-01 4.584400000000000280e-02 5.917200000000000237e-02
0.000000000000000000e+00 2.508499999999999966e-02 7.888969999999999594e-01 4.961200000000000332e-02 7.368500000000000050e-02
0.000000000000000000e+00 3.006780000000000008e-01 1.083770000000000011e-01 2.830200000000000077e-02 4.837899999999999839e-02
0.000000000000000000e+00 3.205430000000000224e-01 8.176799999999999347e-02 2.666900000000000173e-02 4.354100000000000331e-02
0.000000000000000000e+00 3.439470000000000027e-01 6.048100000000000004e-02 2.013799999999999965e-02 4.934700000000000197e-02
0.000000000000000000e+00 2.541430000000000078e-01 5.419199999999999712e-02 3.755399999999999711e-02 3.096300000000000094e-02
0.000000000000000000e+00 2.487000000000000044e-01 9.628200000000000647e-02 2.449199999999999988e-02 3.386600000000000027e-02
0.000000000000000000e+00 2.005319999999999880e-01 9.337900000000000367e-02 2.394800000000000054e-02 4.547699999999999659e-02
0.000000000000000000e+00 2.266569999999999974e-01 9.047600000000000087e-02 2.177099999999999869e-02 4.354100000000000331e-02
0.000000000000000000e+00 1.594399999999999984e-01 9.628200000000000647e-02 2.558099999999999957e-02 4.934700000000000197e-02
0.000000000000000000e+00 1.439290000000000014e-01 1.446610000000000118e-01 2.285900000000000085e-02 3.967099999999999793e-02
0.000000000000000000e+00 1.158990000000000020e-01 1.354690000000000061e-01 2.666900000000000173e-02 5.612000000000000322e-02
0.000000000000000000e+00 9.195100000000000495e-02 2.491599999999999926e-01 2.993499999999999980e-02 4.741200000000000275e-02
0.000000000000000000e+00 6.563560000000000505e-01 1.422420000000000073e-01 2.993499999999999980e-02 5.612000000000000322e-02
0.000000000000000000e+00 6.234279999999999822e-01 1.494989999999999930e-01 2.177099999999999869e-02 5.128200000000000119e-02
0.000000000000000000e+00 6.247890000000000388e-01 9.095999999999999919e-02 2.775800000000000142e-02 5.224999999999999784e-02
0.000000000000000000e+00 6.579890000000000461e-01 8.515499999999999459e-02 3.320000000000000034e-02 4.837899999999999839e-02
0.000000000000000000e+00 3.227200000000000069e-01 3.048599999999999921e-02 2.340300000000000019e-02 4.547699999999999659e-02
0.000000000000000000e+00 3.616360000000000130e-01 4.016200000000000325e-02 2.177099999999999869e-02 5.515199999999999964e-02
0.000000000000000000e+00 2.217590000000000117e-01 1.935900000000000121e-02 3.592200000000000254e-02 3.676800000000000207e-02
0.000000000000000000e+00 1.735909999999999953e-01 2.855099999999999999e-02 4.299700000000000050e-02 5.708799999999999986e-02
0.000000000000000000e+00 8.858819999999999473e-01 4.813810000000000033e-01 3.047899999999999915e-02 5.321700000000000041e-02
0.000000000000000000e+00 9.495609999999999884e-01 3.947820000000000218e-01 3.592200000000000254e-02 4.837899999999999839e-02
0.000000000000000000e+00 9.090369999999999839e-01 4.082919999999999883e-01 2.988700000000000037e-02 4.250199999999999811e-02
0.000000000000000000e+00 8.711860000000000159e-01 3.734950000000000214e-01 3.592200000000000254e-02 5.612000000000000322e-02
0.000000000000000000e+00 8.855129999999999946e-01 3.367269999999999985e-01 3.409700000000000231e-02 4.450899999999999995e-02
0.000000000000000000e+00 9.024820000000000064e-01 2.985070000000000223e-01 2.666900000000000173e-02 4.741200000000000275e-02
0.000000000000000000e+00 9.759579999999999922e-01 2.598039999999999794e-01 3.428900000000000003e-02 4.934700000000000197e-02
0.000000000000000000e+00 6.630040000000000378e-01 5.733019999999999783e-01 3.537699999999999873e-02 4.160599999999999715e-02
0.000000000000000000e+00 7.446439999999999726e-01 1.799779999999999991e-01 3.864299999999999680e-02 6.579599999999999338e-02
0.000000000000000000e+00 8.183930000000000371e-01 2.486770000000000092e-01 3.374499999999999722e-02 5.805500000000000244e-02
0.000000000000000000e+00 9.713319999999999732e-01 2.036840000000000039e-01 3.483300000000000285e-02 4.547699999999999659e-02
0.000000000000000000e+00 9.329610000000000403e-01 2.031999999999999917e-01 3.864299999999999680e-02 5.805500000000000244e-02
0.000000000000000000e+00 9.778630000000000377e-01 1.349849999999999939e-01 3.047899999999999915e-02 5.515199999999999964e-02
0.000000000000000000e+00 9.443899999999999517e-01 1.378880000000000106e-01 3.102299999999999849e-02 5.128200000000000119e-02
0.000000000000000000e+00 9.713319999999999732e-01 7.354399999999999826e-02 2.503599999999999923e-02 5.224999999999999784e-02
0.000000000000000000e+00 9.098289999999999988e-01 1.045060000000000017e-01 3.156699999999999784e-02 5.805500000000000244e-02
0.000000000000000000e+00 9.022099999999999564e-01 1.867510000000000003e-01 3.156699999999999784e-02 5.224999999999999784e-02
0.000000000000000000e+00 8.706420000000000270e-01 9.531399999999999595e-02 4.027599999999999930e-02 4.547699999999999659e-02
0.000000000000000000e+00 8.619339999999999780e-01 1.470799999999999885e-01 5.442700000000000315e-02 4.257400000000000073e-02
0.000000000000000000e+00 8.779900000000000482e-01 2.061030000000000084e-01 3.973100000000000243e-02 5.418499999999999706e-02
0.000000000000000000e+00 8.069629999999999859e-01 2.017490000000000117e-01 3.265599999999999753e-02 5.515199999999999964e-02
0.000000000000000000e+00 7.794769999999999754e-01 1.727210000000000134e-01 2.993499999999999980e-02 5.708799999999999986e-02
0.000000000000000000e+00 6.937550000000000106e-01 4.693499999999999756e-02 2.612499999999999892e-02 4.934700000000000197e-02
0.000000000000000000e+00 7.275000000000000355e-01 4.209700000000000247e-02 2.068199999999999900e-02 4.741200000000000275e-02
0.000000000000000000e+00 7.517200000000000548e-01 4.064600000000000157e-02 2.122599999999999834e-02 4.837899999999999839e-02
0.000000000000000000e+00 7.876410000000000355e-01 3.145400000000000279e-02 2.340300000000000019e-02 3.386600000000000027e-02
0.000000000000000000e+00 8.121340000000000225e-01 2.129400000000000043e-02 2.122599999999999834e-02 3.870300000000000129e-02
0.000000000000000000e+00 8.442450000000000232e-01 3.338900000000000201e-02 2.013799999999999965e-02 5.515199999999999964e-02
0.000000000000000000e+00 8.725469999999999615e-01 3.338900000000000201e-02 2.340300000000000019e-02 5.708799999999999986e-02
0.000000000000000000e+00 9.013929999999999998e-01 2.806399999999999867e-02 2.449199999999999988e-02 5.612700000000000328e-02
0.000000000000000000e+00 9.574529999999999985e-01 1.887099999999999889e-02 2.884600000000000011e-02 3.774199999999999777e-02
0.000000000000000000e+00 8.809829999999999606e-01 9.709389999999999965e-01 4.680700000000000138e-02 5.612000000000000322e-02
0.000000000000000000e+00 9.900219999999999576e-01 3.287479999999999847e-01 1.995600000000000152e-02 6.240899999999999920e-02
0.000000000000000000e+00 9.814500000000000446e-01 9.564639999999999809e-01 3.710000000000000103e-02 8.707199999999999662e-02
0.000000000000000000e+00 4.485669999999999935e-01 2.105599999999999833e-02 3.755399999999999711e-02 4.209000000000000241e-02
0.000000000000000000e+00 8.243599999999999817e-01 1.442960000000000076e-01 2.258399999999999991e-02 4.175399999999999945e-02
0.000000000000000000e+00 9.189349999999999463e-01 3.567739999999999800e-01 3.161699999999999927e-02 4.115200000000000108e-02
0.000000000000000000e+00 9.180880000000000152e-01 4.636689999999999978e-01 3.105199999999999974e-02 6.022299999999999875e-02
