0 0.819843 0.860546 0.073171 0.102780
0 0.858235 0.827624 0.043360 0.088327
0 0.939084 0.791490 0.035230 0.061026
0 0.977476 0.773022 0.037940 0.094751
0 0.978350 0.664621 0.043300 0.070661
0 0.978801 0.569067 0.042397 0.059420
0 0.972026 0.872590 0.055948 0.065844
0 0.948117 0.950478 0.029810 0.083509
0 0.767449 0.959311 0.058717 0.075479
0 0.934567 0.575491 0.037037 0.049784
0 0.902950 0.584324 0.042457 0.067450
0 0.867268 0.652576 0.043360 0.059420
0 0.871333 0.589142 0.038844 0.054602
0 0.831586 0.580309 0.026197 0.056208
0 0.829328 0.653379 0.050587 0.067450
0 0.799969 0.595565 0.037037 0.054602
0 0.791388 0.659000 0.041554 0.049784
0 0.660855 0.797111 0.049684 0.091539
0 0.695633 0.746524 0.046974 0.070661
0 0.707828 0.680680 0.038844 0.057814
0 0.767143 0.688054 0.026498 0.042825
0 0.728601 0.637199 0.042156 0.052461
0 0.734021 0.576709 0.038543 0.059955
0 0.682530 0.514612 0.047576 0.059955
0 0.639772 0.463222 0.039145 0.074944
0 0.686445 0.451981 0.040952 0.052461
0 0.594605 0.488917 0.030714 0.051390
0 0.600928 0.426286 0.037338 0.054602
0 0.633148 0.525319 0.035531 0.064238
0 0.604843 0.657541 0.039145 0.078156
0 0.651516 0.628634 0.032520 0.084580
0 0.613575 0.580991 0.040952 0.055673
0 0.587981 0.538702 0.040349 0.041754
0 0.573226 0.609363 0.040952 0.065308
0 0.531371 0.590092 0.030714 0.071732
0 0.541910 0.532278 0.039747 0.056743
0 0.550040 0.465364 0.040349 0.062096
0 0.737032 0.515683 0.042156 0.055673
0 0.751486 0.462152 0.038543 0.051390
0 0.780995 0.432709 0.038543 0.078156
0 0.273617 0.972217 0.043963 0.055565
0 0.280844 0.904821 0.040349 0.070661
0 0.323301 0.863067 0.039747 0.074944
0 0.332937 0.780093 0.052996 0.058885
0 0.282651 0.843260 0.039145 0.058885
0 0.290480 0.784376 0.030714 0.058885
0 0.344981 0.730844 0.043360 0.050320
0 0.298610 0.730309 0.043360 0.044966
0 0.236881 0.907498 0.042758 0.080297
0 0.190510 0.921951 0.040349 0.094215
0 0.392557 0.650012 0.045769 0.083509
0 0.352208 0.651083 0.040952 0.051390
0 0.317279 0.675172 0.038543 0.050320
0 0.214599 0.828271 0.046372 0.071732
0 0.258261 0.757075 0.036134 0.089933
0 0.275123 0.688019 0.040952 0.052461
0 0.394364 0.591663 0.049383 0.058885
0 0.229655 0.760822 0.033123 0.046037
0 0.180874 0.774205 0.041554 0.066379
0 0.209179 0.719603 0.040349 0.053531
0 0.404903 0.536525 0.040349 0.051390
0 0.387137 0.488882 0.045769 0.052461
0 0.365758 0.545090 0.033123 0.059955
0 0.336550 0.547767 0.034929 0.037472
0 0.327517 0.608793 0.037338 0.048178
0 0.286866 0.628064 0.047576 0.052461
0 0.257658 0.632882 0.025294 0.038543
0 0.230859 0.652688 0.043963 0.073873
0 0.184789 0.685878 0.040952 0.048178
0 0.308246 0.563826 0.038543 0.046037
0 0.272413 0.583633 0.036736 0.049249
0 0.236279 0.584168 0.040349 0.048178
0 0.277532 0.542414 0.037338 0.052461
0 0.238688 0.548838 0.040349 0.035331
0 0.234171 0.506012 0.040952 0.041754
0 0.204060 0.560079 0.031316 0.079226
0 0.334726 0.446371 0.032485 0.062539
0 0.299212 0.442310 0.030111 0.070661
0 0.329022 0.391991 0.028305 0.040684
0 0.290179 0.386637 0.032520 0.059955
0 0.311257 0.350771 0.026498 0.043896
0 0.327517 0.321329 0.033725 0.068520
0 0.297405 0.314370 0.039747 0.050320
0 0.260368 0.400255 0.037940 0.057814
0 0.226041 0.406144 0.029509 0.067450
0 0.191714 0.408285 0.036736 0.071732
0 0.161292 0.421391 0.033200 0.062893
0 0.278309 0.350757 0.036466 0.031930
0 0.245925 0.352208 0.023948 0.040639
0 0.658752 0.413166 0.029935 0.054185
0 0.696306 0.388493 0.029935 0.062893
0 0.625552 0.395266 0.027758 0.057088
0 0.649227 0.355595 0.025036 0.051282
0 0.678890 0.341081 0.025581 0.059023
0 0.718077 0.358498 0.031023 0.059023
0 0.745018 0.347370 0.034833 0.071601
0 0.581194 0.354144 0.035922 0.065796
0 0.620381 0.354627 0.032656 0.059023
0 0.848701 0.482349 0.033200 0.062893
0 0.143331 0.366238 0.027758 0.039671
0 0.180885 0.358981 0.029935 0.038703
0 0.212453 0.351241 0.026669 0.042574
0 0.256811 0.308667 0.030479 0.038703
0 0.198030 0.315440 0.031567 0.032898
0 0.171089 0.316891 0.028846 0.047412
0 0.140065 0.318827 0.029935 0.047412
0 0.113124 0.353660 0.031567 0.047412
0 0.332736 0.257385 0.031023 0.050314
0 0.355051 0.229325 0.026669 0.059990
0 0.379815 0.198362 0.027213 0.065796
0 0.407028 0.178043 0.033745 0.065796
0 0.530033 0.322697 0.041364 0.059023
0 0.519964 0.246741 0.029935 0.065796
0 0.572213 0.275285 0.023403 0.059023
0 0.593440 0.291250 0.025581 0.042574
0 0.653037 0.305280 0.028302 0.033866
0 0.620925 0.307216 0.026125 0.045477
0 0.695762 0.248193 0.037554 0.062893
0 0.709369 0.314956 0.027758 0.043541
0 0.744202 0.289799 0.032112 0.047412
0 0.783389 0.315924 0.029935 0.039671
0 0.791009 0.366238 0.036466 0.041606
0 0.814140 0.422358 0.023948 0.055152
0 0.842714 0.409780 0.033200 0.047412
0 0.819039 0.331889 0.035922 0.059990
0 0.753999 0.239485 0.029935 0.041606
0 0.771143 0.276737 0.031567 0.042574
0 0.224155 0.276253 0.034833 0.049347
0 0.254906 0.272382 0.035377 0.059023
0 0.192859 0.272382 0.031023 0.043541
0 0.164013 0.272866 0.035377 0.044509
0 0.135711 0.281575 0.026669 0.046444
0 0.105395 0.293186 0.030698 0.040639
0 0.328382 0.202716 0.034289 0.047412
0 0.294093 0.193524 0.035377 0.056120
0 0.272322 0.226906 0.028846 0.070634
0 0.239666 0.227874 0.044086 0.057088
0 0.208099 0.224971 0.028846 0.047412
0 0.197486 0.177075 0.027213 0.038703
0 0.232319 0.179978 0.035922 0.046444
0 0.179797 0.228841 0.035377 0.043541
0 0.151223 0.235614 0.028302 0.033866
0 0.122649 0.240936 0.028846 0.038703
0 0.171361 0.170786 0.032656 0.051282
0 0.140882 0.198846 0.031567 0.051282
0 0.111491 0.202233 0.028302 0.040639
0 0.341335 0.163045 0.034508 0.051282
0 0.370018 0.138856 0.035922 0.049347
0 0.402402 0.108860 0.045174 0.057088
0 0.417369 0.077414 0.031567 0.061925
0 0.433153 0.046451 0.031567 0.058055
0 0.278363 0.133050 0.028302 0.051282
0 0.152256 0.845835 0.051496 0.080384
0 0.104214 0.870955 0.053380 0.079268
0 0.147232 0.707954 0.040192 0.065870
0 0.105156 0.750938 0.046472 0.071452
0 0.068732 0.774383 0.040192 0.071452
0 0.052718 0.848627 0.045844 0.059172
0 0.025085 0.788897 0.049612 0.073685
0 0.300678 0.108377 0.028302 0.048379
0 0.320543 0.081768 0.026669 0.043541
0 0.343947 0.060481 0.020138 0.049347
0 0.254143 0.054192 0.037554 0.030963
0 0.248700 0.096282 0.024492 0.033866
0 0.200532 0.093379 0.023948 0.045477
0 0.226657 0.090476 0.021771 0.043541
0 0.159440 0.096282 0.025581 0.049347
0 0.143929 0.144661 0.022859 0.039671
0 0.115899 0.135469 0.026669 0.056120
0 0.091951 0.249160 0.029935 0.047412
0 0.656356 0.142242 0.029935 0.056120
0 0.623428 0.149499 0.021771 0.051282
0 0.624789 0.090960 0.027758 0.052250
0 0.657989 0.085155 0.033200 0.048379
0 0.322720 0.030486 0.023403 0.045477
0 0.361636 0.040162 0.021771 0.055152
0 0.221759 0.019359 0.035922 0.036768
0 0.173591 0.028551 0.042997 0.057088
0 0.885882 0.481381 0.030479 0.053217
0 0.949561 0.394782 0.035922 0.048379
0 0.909037 0.408292 0.029887 0.042502
0 0.871186 0.373495 0.035922 0.056120
0 0.885513 0.336727 0.034097 0.044509
0 0.902482 0.298507 0.026669 0.047412
0 0.975958 0.259804 0.034289 0.049347
0 0.663004 0.573302 0.035377 0.041606
0 0.744644 0.179978 0.038643 0.065796
0 0.818393 0.248677 0.033745 0.058055
0 0.971332 0.203684 0.034833 0.045477
0 0.932961 0.203200 0.038643 0.058055
0 0.977863 0.134985 0.030479 0.055152
0 0.944390 0.137888 0.031023 0.051282
0 0.971332 0.073544 0.025036 0.052250
0 0.909829 0.104506 0.031567 0.058055
0 0.902210 0.186751 0.031567 0.052250
0 0.870642 0.095314 0.040276 0.045477
0 0.861934 0.147080 0.054427 0.042574
0 0.877990 0.206103 0.039731 0.054185
0 0.806963 0.201749 0.032656 0.055152
0 0.779477 0.172721 0.029935 0.057088
0 0.693755 0.046935 0.026125 0.049347
0 0.727500 0.042097 0.020682 0.047412
0 0.751720 0.040646 0.021226 0.048379
0 0.787641 0.031454 0.023403 0.033866
0 0.812134 0.021294 0.021226 0.038703
0 0.844245 0.033389 0.020138 0.055152
0 0.872547 0.033389 0.023403 0.057088
0 0.901393 0.028064 0.024492 0.056127
0 0.957453 0.018871 0.028846 0.037742
0 0.880983 0.970939 0.046807 0.056120
0 0.990022 0.328748 0.019956 0.062409
0 0.981450 0.956464 0.037100 0.087072
0 0.448567 0.021056 0.037554 0.042090
0 0.824360 0.144296 0.022584 0.041754
0 0.918935 0.356774 0.031617 0.041152
0 0.918088 0.463669 0.031052 0.060223