0.000000000000000000e+00 8.194949999999999735e-01 8.790219999999999700e-01 4.933400000000000285e-02 6.938800000000000523e-02
0.000000000000000000e+00 8.632069999999999466e-01 8.322810000000000485e-01 4.406199999999999700e-02 7.253099999999999825e-02
0.000000000000000000e+00 7.696420000000000483e-01 9.657029999999999781e-01 5.711800000000000210e-02 6.859400000000000219e-02
0.000000000000000000e+00 9.742699999999999694e-01 8.988479999999999803e-01 4.787000000000000283e-02 5.415600000000000275e-02
0.000000000000000000e+00 9.416309999999999958e-01 8.037520000000000220e-01 4.351800000000000113e-02 5.222199999999999759e-02
0.000000000000000000e+00 9.800630000000000175e-01 7.747399999999999842e-01 3.987399999999999972e-02 7.543199999999999905e-02
0.000000000000000000e+00 9.795190000000000285e-01 6.673940000000000428e-01 4.096199999999999841e-02 5.415600000000000275e-02
0.000000000000000000e+00 7.702769999999999895e-01 6.964059999999999695e-01 2.719900000000000095e-02 4.642000000000000293e-02
0.000000000000000000e+00 7.969319999999999737e-01 6.727130000000000054e-01 2.828699999999999964e-02 5.705799999999999761e-02
0.000000000000000000e+00 8.279389999999999805e-01 6.654600000000000515e-01 2.937499999999999833e-02 5.609000000000000097e-02
0.000000000000000000e+00 8.698249999999999593e-01 6.548220000000000152e-01 4.351800000000000113e-02 6.382699999999999485e-02
0.000000000000000000e+00 8.045480000000000409e-01 6.069520000000000470e-01 3.481499999999999873e-02 5.125500000000000195e-02
0.000000000000000000e+00 8.358269999999999866e-01 5.885770000000000168e-01 1.795100000000000168e-02 3.964999999999999775e-02
0.000000000000000000e+00 8.684650000000000425e-01 5.924460000000000282e-01 3.535900000000000154e-02 3.964999999999999775e-02
0.000000000000000000e+00 9.062719999999999665e-01 5.929290000000000393e-01 3.155100000000000265e-02 4.835400000000000115e-02
0.000000000000000000e+00 9.378229999999999622e-01 5.798740000000000006e-01 2.284699999999999925e-02 3.191399999999999793e-02
0.000000000000000000e+00 9.783500000000000529e-01 5.731039999999999468e-01 3.644700000000000023e-02 4.932099999999999679e-02
0.000000000000000000e+00 6.587610000000000410e-01 8.016569999999999530e-01 4.134299999999999781e-02 6.672799999999999565e-02
0.000000000000000000e+00 6.892239999999999478e-01 7.465330000000000021e-01 3.263900000000000134e-02 5.512299999999999839e-02
0.000000000000000000e+00 7.156069999999999931e-01 6.891530000000000156e-01 3.644700000000000023e-02 4.351800000000000113e-02
0.000000000000000000e+00 7.305660000000000487e-01 6.383820000000000050e-01 3.481499999999999873e-02 4.835400000000000115e-02
0.000000000000000000e+00 7.376380000000000159e-01 5.806789999999999452e-01 4.025499999999999912e-02 5.609000000000000097e-02
0.000000000000000000e+00 6.080459999999999754e-01 6.607870000000000132e-01 4.336299999999999877e-02 8.222899999999999654e-02
0.000000000000000000e+00 6.468319999999999625e-01 6.320919999999999872e-01 3.324499999999999678e-02 7.280699999999999672e-02
0.000000000000000000e+00 6.694769999999999888e-01 5.866949999999999665e-01 2.360900000000000151e-02 4.882399999999999934e-02
0.000000000000000000e+00 5.757649999999999713e-01 6.089649999999999785e-01 3.661799999999999777e-02 5.910200000000000176e-02
0.000000000000000000e+00 6.157550000000000523e-01 5.751309999999999478e-01 3.372700000000000004e-02 5.139300000000000118e-02
0.000000000000000000e+00 5.304750000000000298e-01 5.931189999999999518e-01 3.083599999999999883e-02 5.481899999999999967e-02
0.000000000000000000e+00 5.422789999999999555e-01 5.345879999999999521e-01 3.228099999999999720e-02 5.139300000000000118e-02
0.000000000000000000e+00 5.579380000000000450e-01 4.703459999999999863e-01 3.180000000000000188e-02 4.968000000000000194e-02
0.000000000000000000e+00 5.887740000000000196e-01 5.444379999999999775e-01 3.758100000000000329e-02 5.738900000000000251e-02
0.000000000000000000e+00 6.364729999999999555e-01 5.345879999999999521e-01 3.661799999999999777e-02 4.796700000000000269e-02
0.000000000000000000e+00 5.991330000000000267e-01 4.883339999999999903e-01 3.613600000000000145e-02 4.625400000000000345e-02
0.000000000000000000e+00 6.839319999999999844e-01 5.273069999999999702e-01 3.998999999999999777e-02 6.766800000000000592e-02
0.000000000000000000e+00 6.018940000000000401e-01 4.400419999999999887e-01 2.853800000000000087e-02 3.997300000000000159e-02
0.000000000000000000e+00 6.377829999999999888e-01 4.669470000000000010e-01 3.805100000000000149e-02 7.225800000000000278e-02
0.000000000000000000e+00 6.866430000000000033e-01 4.650250000000000217e-01 3.545600000000000140e-02 4.842799999999999883e-02
0.000000000000000000e+00 7.406930000000000458e-01 5.253679999999999461e-01 4.496900000000000203e-02 5.227199999999999902e-02
0.000000000000000000e+00 7.514370000000000216e-01 4.650540000000000229e-01 4.450099999999999889e-02 6.162399999999999822e-02
0.000000000000000000e+00 7.875050000000000106e-01 4.367400000000000171e-01 3.794299999999999756e-02 5.995899999999999841e-02
0.000000000000000000e+00 5.852230000000000487e-01 3.726490000000000080e-01 2.748099999999999848e-02 8.771700000000000330e-02
0.000000000000000000e+00 6.189489999999999714e-01 3.484709999999999752e-01 3.497600000000000015e-02 4.602300000000000141e-02
0.000000000000000000e+00 6.532440000000000468e-01 3.503180000000000183e-01 3.066100000000000075e-02 4.088100000000000067e-02
0.000000000000000000e+00 6.269810000000000105e-01 3.924679999999999835e-01 4.249599999999999905e-02 5.636100000000000138e-02
0.000000000000000000e+00 6.839800000000000324e-01 3.415030000000000010e-01 2.293399999999999953e-02 4.796700000000000269e-02
0.000000000000000000e+00 6.978079999999999838e-01 3.846729999999999872e-01 4.249599999999999905e-02 5.756000000000000005e-02
0.000000000000000000e+00 7.115420000000000078e-01 3.122420000000000195e-01 2.435800000000000118e-02 3.414299999999999974e-02
0.000000000000000000e+00 7.326209999999999667e-01 3.709520000000000040e-01 3.278999999999999970e-02 6.662099999999999966e-02
0.000000000000000000e+00 7.480790000000000495e-01 3.009999999999999898e-01 2.997899999999999870e-02 6.995200000000000029e-02
0.000000000000000000e+00 8.536529999999999951e-01 4.823290000000000077e-01 3.828399999999999859e-02 6.076899999999999663e-02
0.000000000000000000e+00 8.942160000000000108e-01 4.875959999999999739e-01 3.737300000000000344e-02 6.968199999999999394e-02
0.000000000000000000e+00 5.248930000000000540e-01 2.553230000000000222e-01 4.010799999999999782e-02 5.347699999999999676e-02
0.000000000000000000e+00 5.353750000000000453e-01 3.314869999999999761e-01 3.737300000000000344e-02 6.320000000000000617e-02
0.000000000000000000e+00 5.987270000000000092e-01 3.019120000000000137e-01 2.916900000000000048e-02 4.780500000000000027e-02
0.000000000000000000e+00 6.520519999999999650e-01 3.083940000000000015e-01 2.643500000000000016e-02 3.970200000000000118e-02
0.000000000000000000e+00 7.012749999999999817e-01 2.614000000000000212e-01 4.466500000000000331e-02 6.239000000000000101e-02
0.000000000000000000e+00 7.476110000000000255e-01 1.930570000000000064e-01 4.463799999999999712e-02 6.436799999999999466e-02
0.000000000000000000e+00 7.602590000000000181e-01 2.471369999999999956e-01 3.323099999999999665e-02 3.615199999999999664e-02
0.000000000000000000e+00 7.865459999999999674e-01 3.195870000000000100e-01 3.223899999999999683e-02 5.114099999999999896e-02
0.000000000000000000e+00 7.967130000000000045e-01 3.804279999999999884e-01 3.571099999999999969e-02 4.937799999999999828e-02
0.000000000000000000e+00 8.190330000000000110e-01 3.300210000000000088e-01 3.273500000000000021e-02 6.436799999999999466e-02
0.000000000000000000e+00 2.763450000000000073e-01 9.722260000000000346e-01 4.612600000000000033e-02 5.554800000000000015e-02
0.000000000000000000e+00 2.835369999999999835e-01 9.074179999999999469e-01 4.166299999999999865e-02 5.114099999999999896e-02
0.000000000000000000e+00 2.379060000000000064e-01 9.135910000000000419e-01 4.761399999999999660e-02 6.701300000000000312e-02
0.000000000000000000e+00 1.938469999999999915e-01 9.210859999999999603e-01 4.810999999999999999e-02 8.200200000000000544e-02
0.000000000000000000e+00 3.304900000000000060e-01 8.633309999999999595e-01 4.265399999999999747e-02 6.348600000000000076e-02
0.000000000000000000e+00 3.359460000000000224e-01 7.922040000000000193e-01 4.364599999999999730e-02 6.172199999999999909e-02
0.000000000000000000e+00 3.466090000000000004e-01 7.348900000000000432e-01 4.711800000000000016e-02 5.290500000000000064e-02
0.000000000000000000e+00 2.174059999999999881e-01 8.314409999999999856e-01 4.562999999999999695e-02 7.142099999999999838e-02
0.000000000000000000e+00 3.046989999999999976e-01 7.300400000000000222e-01 3.372700000000000004e-02 5.378700000000000148e-02
0.000000000000000000e+00 2.642760000000000109e-01 7.535539999999999461e-01 3.223899999999999683e-02 6.965799999999999770e-02
0.000000000000000000e+00 1.069670000000000065e-01 8.809660000000000268e-01 5.059000000000000302e-02 7.230300000000000615e-02
0.000000000000000000e+00 1.580529999999999990e-01 8.509870000000000489e-01 5.257400000000000267e-02 8.112099999999999866e-02
0.000000000000000000e+00 1.861740000000000061e-01 7.741440000000000543e-01 3.541099999999999803e-02 5.669400000000000134e-02
0.000000000000000000e+00 2.298100000000000143e-02 7.952900000000000524e-01 3.769499999999999934e-02 5.731399999999999689e-02
0.000000000000000000e+00 6.861100000000000532e-02 7.754499999999999726e-01 4.761399999999999660e-02 7.054000000000000548e-02
0.000000000000000000e+00 1.112650000000000028e-01 7.507610000000000117e-01 3.769499999999999934e-02 6.701300000000000312e-02
0.000000000000000000e+00 1.531760000000000066e-01 7.238679999999999559e-01 3.025500000000000064e-02 6.965799999999999770e-02
0.000000000000000000e+00 3.877820000000000156e-01 4.880010000000000181e-01 3.509400000000000019e-02 2.997899999999999870e-02
0.000000000000000000e+00 4.053289999999999949e-01 5.366159999999999819e-01 2.825799999999999840e-02 4.618400000000000283e-02
0.000000000000000000e+00 3.902889999999999970e-01 6.516720000000000290e-01 3.099199999999999872e-02 6.563099999999999490e-02
0.000000000000000000e+00 3.978090000000000237e-01 5.933340000000000281e-01 3.873999999999999666e-02 3.808199999999999780e-02
0.000000000000000000e+00 3.565619999999999901e-01 6.601799999999999891e-01 4.010799999999999782e-02 6.806099999999999650e-02
0.000000000000000000e+00 3.148599999999999732e-01 6.759800000000000253e-01 3.509400000000000019e-02 5.104600000000000110e-02
0.000000000000000000e+00 2.770310000000000272e-01 6.877280000000000060e-01 3.782900000000000151e-02 3.889200000000000296e-02
0.000000000000000000e+00 2.321380000000000110e-01 7.615960000000000507e-01 2.916900000000000048e-02 5.752800000000000274e-02
0.000000000000000000e+00 2.134510000000000018e-01 7.141969999999999708e-01 3.737300000000000344e-02 5.185599999999999932e-02
0.000000000000000000e+00 1.829149999999999943e-01 3.466400000000000037e-02 4.101899999999999991e-02 5.833800000000000097e-02
0.000000000000000000e+00 1.671910000000000063e-01 9.745800000000000296e-02 2.415600000000000039e-02 5.752800000000000274e-02
0.000000000000000000e+00 3.349130000000000162e-01 4.462729999999999753e-01 2.962499999999999856e-02 5.833800000000000097e-02
0.000000000000000000e+00 3.059720000000000217e-01 4.470830000000000082e-01 3.463800000000000212e-02 5.671799999999999758e-02
0.000000000000000000e+00 2.973120000000000207e-01 3.979269999999999752e-01 4.010799999999999782e-02 5.347699999999999676e-02
0.000000000000000000e+00 3.285330000000000195e-01 3.306760000000000255e-01 3.144799999999999679e-02 5.509700000000000014e-02
0.000000000000000000e+00 2.651810000000000000e-01 4.041390000000000260e-01 2.324400000000000077e-02 6.482000000000000262e-02
0.000000000000000000e+00 2.319100000000000050e-01 4.126469999999999860e-01 4.056300000000000183e-02 7.535400000000000431e-02
0.000000000000000000e+00 2.000820000000000098e-01 4.106210000000000138e-01 2.461100000000000093e-02 6.482000000000000262e-02
0.000000000000000000e+00 1.772940000000000071e-01 4.199390000000000067e-01 3.463800000000000212e-02 6.076899999999999663e-02
0.000000000000000000e+00 1.944339999999999957e-01 6.896139999999999493e-01 3.891599999999999920e-02 6.303400000000000669e-02
0.000000000000000000e+00 3.731570000000000165e-01 5.477880000000000527e-01 3.286200000000000232e-02 4.996600000000000347e-02
0.000000000000000000e+00 3.500240000000000018e-01 5.066629999999999745e-01 2.378200000000000106e-02 2.921100000000000085e-02
0.000000000000000000e+00 3.402950000000000141e-01 5.550910000000000011e-01 2.421399999999999941e-02 4.612200000000000327e-02
0.000000000000000000e+00 3.111079999999999957e-01 5.593190000000000106e-01 3.502399999999999958e-02 3.920400000000000273e-02
0.000000000000000000e+00 2.959740000000000149e-01 6.208150000000000057e-01 4.194200000000000012e-02 3.920400000000000273e-02
0.000000000000000000e+00 2.737060000000000048e-01 5.769990000000000396e-01 3.632099999999999912e-02 4.074099999999999944e-02
0.000000000000000000e+00 2.366810000000000025e-01 5.984070000000000222e-01 3.427000000000000185e-02 5.280900000000000177e-02
0.000000000000000000e+00 2.058200000000000029e-01 5.794329999999999758e-01 3.199699999999999767e-02 5.995899999999999841e-02
0.000000000000000000e+00 2.820440000000000169e-01 3.394539999999999780e-01 3.782900000000000151e-02 3.808199999999999780e-02
0.000000000000000000e+00 2.467219999999999969e-01 3.499869999999999925e-01 2.825799999999999840e-02 4.456399999999999945e-02
0.000000000000000000e+00 2.177810000000000024e-01 3.516079999999999761e-01 3.144799999999999679e-02 4.294300000000000200e-02
0.000000000000000000e+00 1.890680000000000138e-01 3.568749999999999978e-01 2.780200000000000032e-02 4.051300000000000040e-02
0.000000000000000000e+00 1.583029999999999993e-01 3.656519999999999770e-01 3.190400000000000180e-02 4.132299999999999862e-02
0.000000000000000000e+00 1.248039999999999983e-01 3.579550000000000232e-01 3.600600000000000328e-02 4.537399999999999767e-02
0.000000000000000000e+00 2.670040000000000191e-01 3.089350000000000152e-01 3.144799999999999679e-02 3.321999999999999953e-02
0.000000000000000000e+00 3.062000000000000277e-01 3.069089999999999874e-01 2.780200000000000032e-02 4.213299999999999684e-02
0.000000000000000000e+00 3.362809999999999966e-01 2.692320000000000269e-01 2.780200000000000032e-02 5.914900000000000019e-02
0.000000000000000000e+00 3.613480000000000025e-01 2.356070000000000109e-01 3.144799999999999679e-02 5.509700000000000014e-02
0.000000000000000000e+00 3.845919999999999894e-01 1.963090000000000113e-01 2.780200000000000032e-02 5.266599999999999754e-02
0.000000000000000000e+00 4.055570000000000008e-01 1.732170000000000099e-01 2.597899999999999862e-02 4.699500000000000205e-02
0.000000000000000000e+00 9.534660000000000357e-01 4.069749999999999757e-01 3.919600000000000167e-02 6.400999999999999746e-02
0.000000000000000000e+00 9.792170000000000041e-01 2.647760000000000113e-01 3.691699999999999843e-02 3.889200000000000296e-02
0.000000000000000000e+00 9.799010000000000220e-01 2.153500000000000136e-01 2.734599999999999878e-02 5.023600000000000287e-02
0.000000000000000000e+00 9.421150000000000357e-01 2.101250000000000062e-01 3.728599999999999970e-02 5.744599999999999707e-02
0.000000000000000000e+00 9.855979999999999741e-01 1.424269999999999980e-01 2.871299999999999894e-02 5.347699999999999676e-02
0.000000000000000000e+00 9.525550000000000406e-01 1.476939999999999920e-01 3.099199999999999872e-02 5.266599999999999754e-02
0.000000000000000000e+00 9.819740000000000135e-01 8.408899999999999708e-02 3.605099999999999971e-02 4.699500000000000205e-02
0.000000000000000000e+00 9.185999999999999721e-01 1.193349999999999966e-01 3.600600000000000328e-02 6.725100000000000522e-02
0.000000000000000000e+00 8.750740000000000185e-01 9.624299999999999522e-02 3.281499999999999695e-02 3.565100000000000213e-02
0.000000000000000000e+00 8.812269999999999825e-01 4.762799999999999673e-02 3.053600000000000064e-02 4.537399999999999767e-02
0.000000000000000000e+00 8.509179999999999522e-01 4.276599999999999846e-02 2.734599999999999878e-02 4.213299999999999684e-02
0.000000000000000000e+00 8.171920000000000295e-01 3.020700000000000121e-02 3.554999999999999827e-02 4.942499999999999671e-02
0.000000000000000000e+00 7.881740000000000412e-01 4.438700000000000284e-02 1.914199999999999929e-02 4.537399999999999767e-02
0.000000000000000000e+00 7.619679999999999787e-01 6.059200000000000003e-02 3.509400000000000019e-02 7.130200000000000427e-02
0.000000000000000000e+00 7.321149999999999602e-01 4.722300000000000109e-02 3.190400000000000180e-02 4.294300000000000200e-02
0.000000000000000000e+00 6.611259999999999915e-01 1.535640000000000061e-01 2.939100000000000046e-02 6.595499999999999974e-02
0.000000000000000000e+00 6.276399999999999757e-01 1.608449999999999880e-01 3.276300000000000046e-02 6.167199999999999765e-02
0.000000000000000000e+00 6.630530000000000035e-01 9.574699999999999878e-02 3.228099999999999720e-02 4.968000000000000194e-02
0.000000000000000000e+00 6.312539999999999818e-01 1.000290000000000068e-01 2.842700000000000088e-02 5.139300000000000118e-02
0.000000000000000000e+00 7.850129999999999608e-01 1.886760000000000104e-01 2.896999999999999922e-02 5.842100000000000071e-02
0.000000000000000000e+00 8.139840000000000408e-01 1.936730000000000118e-01 3.243000000000000049e-02 3.612900000000000139e-02
0.000000000000000000e+00 8.678169999999999495e-01 1.467819999999999958e-01 3.113199999999999995e-02 4.074099999999999944e-02
0.000000000000000000e+00 8.358200000000000074e-01 1.417859999999999954e-01 2.940299999999999858e-02 3.689800000000000024e-02
0.000000000000000000e+00 8.016600000000000392e-01 1.552379999999999871e-01 3.199699999999999767e-02 3.766599999999999809e-02
0.000000000000000000e+00 8.740869999999999473e-01 3.900850000000000151e-01 3.905200000000000338e-02 6.784800000000000553e-02
0.000000000000000000e+00 8.170619999999999550e-01 4.246670000000000167e-01 2.795800000000000021e-02 6.548099999999999754e-02
0.000000000000000000e+00 2.096089999999999898e-01 3.117179999999999951e-01 3.372700000000000004e-02 3.944700000000000290e-02
0.000000000000000000e+00 1.776570000000000094e-01 3.097460000000000213e-01 3.017699999999999896e-02 4.023499999999999993e-02
0.000000000000000000e+00 1.465930000000000011e-01 3.176350000000000007e-01 3.017699999999999896e-02 4.181300000000000294e-02
0.000000000000000000e+00 9.149680000000000035e-01 4.213299999999999823e-01 3.014999999999999972e-02 6.359299999999999675e-02
0.000000000000000000e+00 9.080690000000000150e-01 3.038350000000000217e-01 3.474900000000000211e-02 4.178899999999999976e-02
0.000000000000000000e+00 8.929939999999999545e-01 3.428990000000000093e-01 2.810599999999999904e-02 3.997300000000000159e-02
0.000000000000000000e+00 9.085800000000000542e-01 1.892169999999999963e-01 2.555100000000000079e-02 5.178300000000000264e-02
0.000000000000000000e+00 8.820069999999999855e-01 2.046600000000000086e-01 4.190300000000000274e-02 4.269799999999999984e-02
0.000000000000000000e+00 8.383159999999999501e-01 1.869450000000000001e-01 3.525999999999999968e-02 3.452199999999999713e-02
0.000000000000000000e+00 8.579900000000000304e-01 2.347909999999999997e-01 2.861700000000000008e-02 3.815600000000000241e-02
0.000000000000000000e+00 8.439370000000000482e-01 2.874820000000000153e-01 3.219400000000000039e-02 3.088799999999999879e-02
0.000000000000000000e+00 8.252850000000000463e-01 2.470559999999999978e-01 3.474900000000000211e-02 4.088100000000000067e-02
0.000000000000000000e+00 2.398349999999999926e-01 5.532089999999999508e-01 2.759500000000000147e-02 4.269799999999999984e-02
0.000000000000000000e+00 2.750099999999999767e-01 5.436699999999999866e-01 2.503999999999999976e-02 4.905700000000000338e-02
0.000000000000000000e+00 2.377060000000000006e-01 5.123280000000000056e-01 3.525999999999999968e-02 4.451499999999999901e-02
0.000000000000000000e+00 2.050009999999999888e-01 5.373109999999999831e-01 3.219400000000000039e-02 4.542299999999999810e-02
0.000000000000000000e+00 3.292619999999999991e-01 3.913499999999999757e-01 2.452899999999999872e-02 3.270499999999999796e-02
0.000000000000000000e+00 3.356500000000000039e-01 2.116250000000000075e-01 3.014999999999999972e-02 5.360000000000000181e-02
0.000000000000000000e+00 2.993680000000000230e-01 1.945159999999999945e-01 3.525999999999999968e-02 5.390199999999999853e-02
0.000000000000000000e+00 3.474030000000000173e-01 1.662019999999999886e-01 3.423799999999999760e-02 6.631800000000000195e-02
0.000000000000000000e+00 3.737199999999999966e-01 1.344059999999999977e-01 2.555100000000000079e-02 3.906400000000000150e-02
0.000000000000000000e+00 4.037850000000000050e-01 1.083630000000000010e-01 3.117199999999999832e-02 4.996600000000000347e-02
0.000000000000000000e+00 4.239700000000000135e-01 7.702100000000000612e-02 4.088100000000000067e-02 4.723999999999999727e-02
0.000000000000000000e+00 3.288820000000000077e-01 8.830200000000000549e-02 2.649400000000000019e-02 3.921399999999999886e-02
0.000000000000000000e+00 2.842080000000000162e-01 1.318320000000000047e-01 4.241400000000000031e-02 4.542299999999999810e-02
0.000000000000000000e+00 3.038819999999999855e-01 1.009440000000000059e-01 2.963899999999999868e-02 3.815600000000000241e-02
0.000000000000000000e+00 2.579759999999999831e-01 2.696160000000000223e-01 2.503999999999999976e-02 4.360599999999999893e-02
0.000000000000000000e+00 2.285929999999999906e-01 2.732499999999999929e-01 3.168300000000000283e-02 4.360599999999999893e-02
0.000000000000000000e+00 2.748390000000000000e-01 2.382740000000000136e-01 1.890700000000000019e-02 6.268400000000000361e-02
0.000000000000000000e+00 2.444340000000000124e-01 2.241920000000000024e-01 3.781500000000000139e-02 4.360599999999999893e-02
0.000000000000000000e+00 1.969100000000000017e-01 2.705239999999999867e-01 3.372700000000000004e-02 3.997300000000000159e-02
0.000000000000000000e+00 1.649720000000000075e-01 2.737040000000000028e-01 3.117199999999999832e-02 4.088100000000000067e-02
0.000000000000000000e+00 1.350780000000000036e-01 2.832430000000000225e-01 3.066100000000000075e-02 4.542299999999999810e-02
0.000000000000000000e+00 2.142840000000000023e-01 2.228300000000000003e-01 2.759500000000000147e-02 4.814899999999999736e-02
0.000000000000000000e+00 2.377910000000000024e-01 1.828569999999999918e-01 3.066100000000000075e-02 4.633199999999999819e-02
0.000000000000000000e+00 2.066189999999999971e-01 1.783150000000000013e-01 2.963899999999999868e-02 3.906400000000000150e-02
0.000000000000000000e+00 1.833680000000000032e-01 2.296430000000000138e-01 3.117199999999999832e-02 4.360599999999999893e-02
0.000000000000000000e+00 1.578180000000000138e-01 2.323689999999999922e-01 2.606199999999999836e-02 4.178899999999999976e-02
0.000000000000000000e+00 1.460639999999999994e-01 2.032980000000000065e-01 2.606199999999999836e-02 4.542299999999999810e-02
0.000000000000000000e+00 1.785140000000000060e-01 1.792229999999999934e-01 2.759500000000000147e-02 4.814899999999999736e-02
0.000000000000000000e+00 1.539850000000000108e-01 1.556029999999999913e-01 3.577099999999999724e-02 4.633199999999999819e-02
0.000000000000000000e+00 2.091739999999999988e-01 1.056379999999999958e-01 2.759500000000000147e-02 6.268400000000000361e-02
0.000000000000000000e+00 2.620640000000000192e-01 5.748899999999999844e-02 3.934800000000000103e-02 3.906400000000000150e-02
0.000000000000000000e+00 2.331920000000000104e-01 1.038209999999999966e-01 2.452899999999999872e-02 7.358599999999999863e-02
0.000000000000000000e+00 2.589980000000000060e-01 1.027610000000000051e-01 3.117199999999999832e-02 5.632500000000000007e-02
0.000000000000000000e+00 1.090799999999999964e-01 2.853020000000000000e-01 3.372700000000000004e-02 4.861499999999999849e-02
0.000000000000000000e+00 9.791400000000000103e-02 3.566050000000000053e-01 3.600600000000000328e-02 3.565100000000000213e-02
0.000000000000000000e+00 9.335599999999999454e-02 3.237889999999999935e-01 4.238600000000000007e-02 3.321999999999999953e-02
0.000000000000000000e+00 6.556199999999999528e-02 3.648219999999999796e-01 3.052099999999999952e-02 3.866100000000000092e-02
0.000000000000000000e+00 5.794949999999999823e-01 2.822649999999999881e-01 2.707000000000000031e-02 6.153700000000000142e-02
0.000000000000000000e+00 6.278660000000000352e-01 3.090879999999999739e-01 2.707000000000000031e-02 4.733600000000000307e-02
0.000000000000000000e+00 1.301740000000000119e-01 2.438700000000000034e-01 3.283900000000000013e-02 3.313499999999999779e-02
0.000000000000000000e+00 9.866600000000000370e-02 2.411089999999999900e-01 3.372700000000000004e-02 3.550199999999999884e-02
0.000000000000000000e+00 8.091500000000000081e-02 2.880499999999999727e-01 3.550199999999999884e-02 3.944700000000000290e-02
0.000000000000000000e+00 1.204110000000000041e-01 2.016620000000000079e-01 2.573900000000000146e-02 4.181300000000000294e-02
0.000000000000000000e+00 7.115200000000000691e-02 2.545209999999999972e-01 3.017699999999999896e-02 4.496900000000000203e-02
0.000000000000000000e+00 7.016799999999999704e-01 5.268599999999999672e-02 2.351999999999999924e-02 4.733600000000000307e-02
0.000000000000000000e+00 1.241830000000000017e-01 1.442019999999999968e-01 3.239500000000000018e-02 5.364700000000000024e-02
0.000000000000000000e+00 1.039910000000000001e-01 6.609800000000000397e-02 3.372700000000000004e-02 4.733600000000000307e-02
0.000000000000000000e+00 2.643539999999999779e-01 6.402299999999999658e-01 3.180000000000000188e-02 5.824599999999999916e-02
0.000000000000000000e+00 2.291819999999999968e-01 6.535060000000000313e-01 3.661799999999999777e-02 5.224999999999999784e-02
0.000000000000000000e+00 3.010519999999999863e-01 7.942660000000000275e-01 2.842700000000000088e-02 5.567600000000000326e-02
0.000000000000000000e+00 2.909340000000000259e-01 8.478010000000000268e-01 3.998999999999999777e-02 5.653299999999999992e-02
0.000000000000000000e+00 3.303619999999999890e-01 6.088230000000000031e-01 4.143600000000000061e-02 5.481899999999999967e-02
0.000000000000000000e+00 9.229899999999999771e-01 4.844789999999999930e-01 2.312700000000000172e-02 5.738900000000000251e-02
0.000000000000000000e+00 9.422629999999999617e-01 4.609240000000000004e-01 2.698100000000000151e-02 4.454099999999999726e-02
0.000000000000000000e+00 8.420459999999999612e-01 4.121009999999999951e-01 2.987199999999999925e-02 5.995899999999999841e-02
0.000000000000000000e+00 9.068500000000000449e-01 3.450299999999999895e-02 2.264499999999999846e-02 5.738900000000000251e-02
0.000000000000000000e+00 4.370049999999999768e-01 5.208399999999999835e-02 2.689000000000000071e-02 5.428700000000000192e-02
0.000000000000000000e+00 4.595659999999999745e-01 2.696600000000000039e-02 2.734599999999999878e-02 4.780500000000000027e-02
0.000000000000000000e+00 3.325589999999999935e-01 3.344799999999999857e-02 2.187700000000000061e-02 4.132299999999999862e-02
0.000000000000000000e+00 3.526119999999999810e-01 6.707399999999999474e-02 2.734599999999999878e-02 4.861499999999999849e-02
0.000000000000000000e+00 9.101900000000000268e-02 2.121220000000000050e-01 2.896999999999999922e-02 4.381600000000000078e-02
0.000000000000000000e+00 7.754300000000000082e-02 1.694589999999999985e-01 2.594399999999999831e-02 5.073400000000000132e-02
0.000000000000000000e+00 5.051800000000000040e-02 2.948850000000000082e-01 2.464699999999999877e-02 3.766599999999999809e-02
0.000000000000000000e+00 9.829799999999999649e-02 1.299990000000000034e-01 2.421399999999999941e-02 6.610800000000000010e-02
0.000000000000000000e+00 3.776199999999999696e-02 2.369769999999999932e-01 2.767299999999999968e-02 5.765300000000000286e-02
